19142027
19142034
19142035
19142038
19142039
19142041
19142045
19142048
19142049
19142053
19142054
19142055
19142057
19142058
19142059
19142062
19142064
19142065
19142068
19143001
19143003
19143006
19143007
19143008
19143009
19143010
19143011
19143012
19143013
19143014
19143015
19143016
19143017
19144012
19144013
19144014
19144018
19144019
19144020
19144024
19144025
19144026
19144031
19144032
19144033
19144036
19144037
19144038
19144042
19144043
19144044
19144046
19144047
19145001
19145004
19145005
19145006
19145008
19145009
19145010
19145011
19145013
19145014
19145015
19145017
19145019
19145020
19145028
19145031
19145034
19145035
19145036
19145038
19145039
19145040
19145042
19145043
19145044
19145047
19145048
19145050
19146002
19146003
19146004
19146006
19146007
19146008
19146009
19146012
19146013
19146014
19146016
19146017
19146019
19146020
19146024
19146025
19146026
19147007
19147008
19147009
19147010
19147014
19147015
19147016
19147021
19147022
19147023
19147025
19147026
19147027
19147029
19147030
19147031
19147033
19147034
19147035
19147038
19147039
19147040
19147042
19147043
19147044
19147046
19147047
19147048
19148002
19148003
19148004
19148007
19148008
19148009
19148011
19148012
19148013
19148015
19148016
19148017
19148021
19148022
19148023
19148024
19148050
19148051
19148052
19149002
19149003
19149007
19149008
19149009
19149012
19149013
19149014
19149015
19149017
19149018
19149023
19149024
19149025
19149030
19149031
19149032
19149035
19149037
19149038
19149039
19149042
19149043
19149044
19149046
19149047
19149048
19149050
19149051
19149052
19149054
19149055
19150001
19150005
19150006
19150007
19150009
19150010
19150011
19150013
19150014
19150016
19150017
19150018
19155057
19155058
19156001
19156002
19156004
19156005
19156006
19156008
19156009
19156011
19156013
19156014
19156015
19156018
19156019
19156030
19156031
19156032
19156033
19156042
19156043
19156044
19156045
19156046
19156047
19157002
19157003
19157004
19157006
19157007
19157008
19157012
19157013
19157015
19157017
19157018
19158003
19158007
19158009
19158010
19158011
19158013
19158014
19158015
19158017
19158018
19158019
19158020
19158059
19158060
19158062
19159001
19159003
19159004
19159006
19159007
19159008
19159010
19159011
19159012
19159014
19159015
19159016
19159018
19159019
19159021
19159023
19159024
19159025
19159039
19159040
19159041
19160002
19160003
19160004
19160006
19160007
19160008
19160010
19160011
19160012
19160014
19160015
19160016
19160018
19160019
19160020
19160021
19160023
19160024
19160025
19160027
19160028
19160029
19161003
19161004
19161005
19161007
19161008
19161009
19161011
19161012
19161013
19161015
19161016
19161017
19161048
19161049
19161050
19161051
19161053
19162002
19162005
19162006
19162008
19162009
19162010
19162013
19162014
19162015
19162017
19162018
19162019
19162021
19162022
19162023
19162030
19162031
19162032
19162036
19162037
19162038
19162040
19162041
19162042
19163006
19163007
19163008
19163010
19163011
19163012
19163014
19163015
19163016
19163018
19163019
19163020
19163039
19163040
19163041
19164004
19164005
19164006
19164008
19164009
19164010
19164011
19164012
19164014
19164015
19164016
19164017
19165002
19165003
19165004
19165006
19165007
19165008
19165009
19165011
19165012
19165013
19165015
19165016
19165017
19165018
19165020
19165021
19165027
19165028
19165029
19166006
19166007
19166008
19166011
19166012
19166014
19166015
19167003
19167004
19167005
19167007
19167008
19167009
19167011
19167012
19167013
19167015
19167016
19167017
19167021
19167022
19167023
19167025
19167026
19167027
19167028
19167030
19167031
19167032
19167034
19167035
19167042
19167044
19167045
19167046
19167049
19168025
19168026
19168028
19168029
19168030
19168033
19168034
19168036
19168038
19168039
19168040
