20342006
20344004
20344006
20344007
20344008
20344013
20344014
20344015
20344016
20344017
20344018
20344019
20344020
20344021
20344045
20344046
20344047
20344048
20344056
20344057
20344059
20344060
20344061
20344062
20344065
20344066
20344067
20344068
20344069
20345011
20345012
20345013
20345014
20345015
20345016
20345017
20345018
20345019
20345022
20345023
20345024
20345025
20345027
20345028
20345029
20345033
20345040
20345041
20345042
20346001
20346002
20346003
20346016
20346017
20346018
20346051
20346052
20346053
20346054
20346055
20346056
20346060
20346062
20347001
20347003
20347004
20347005
20347006
20347007
20347008
20347009
20347010
20347011
20347012
20347013
20347018
20347019
20347022
20347032
20347033
20347034
20347036
20347037
20347039
20348010
20348011
20348016
20348017
20348018
20348019
20348021
20348022
20348023
20348024
20348027
20348031
20348032
20348033
20348034
20348037
20348038
20348039
20348040
20348041
20348042
20348043
20348044
20348047
20348048
20348049
20348050
20348051
20348052
20348053
20348054
20348055
20349001
20349002
20349003
20349004
20349005
20349006
20349007
20349008
20349009
20349010
20349011
20349012
20349013
20349015
20349019
20349020
20349021
20349022
20349023
20349024
20349025
20349026
20349027
20349028
20349029
20349030
20349031
20349032
20349033
20349034
20349035
20349036
20349037
20350002
20350003
20350004
20350005
20350006
20350007
20350008
20350009
20350010
20350011
20350013
20350015
20350016
20350017
20350018
20350019
20350020
20351001
20351002
20351004
20351005
20351006
20351007
20351011
20351012
20351014
20351020
20351024
20351025
20351030
20351032
20351033
20351036
20351037
20351038
20351039
20351040
20351041
20351042
20351043
20351059
20351060
20351061
20351062
20351065
20351066
20351067
20351068
20351069
20351070
20351071
20351072
20351073
20351074
20351075
20351076
20351077
20351078
20351079
20351080
20351081
20351082
20351083
20351084
20351085
20351086
20352002
20352003
20352004
20352005
20352006
20352007
20352008
20352009
20352010
20352011
20352012
20352013
20352014
20352015
20352016
20352017
20352018
20352019
20352020
20352047
20352048
20353001
20353003
20353004
20353006
20353007
20353008
20353009
20353010
20353011
20353012
20353014
20353015
20353016
20353017
20354003
20354004
20354006
20354050
20354052
20354053
20354054
20354055
20354056
20354057
20354058
20354059
20354060
20355001
20355002
20355003
20355004
20355005
20355006
20355007
20355008
20355009
20355010
20355011
20355013
20355023
20355037
20355039
20355040
20355041
20355042
20355043
20355044
20355045
20355047
20355050
20355051
20355052
20356001
20356002
20356003
20356005
20356006
20356008
20356009
20356010
20356011
20356012
20356013
20356015
20356016
20356017
20356018
20356019
20356020
20356021
20356024
20356026
20356027
20356030
20356031
20356032
20356039
20356040
20356041
20356042
20356043
20356044
20356045
20356046
20356047
20356048
20356054
20356060
20356061
20356062
20356063
20356064
20357001
20357002
20357003
20357004
20357007
20357008
20357009
20357012
20357013
20357014
20357016
20357017
20357018
20357020
20357021
20357022
20357023
20357024
20357025
20357027
20357028
20357034
20357035
20357036
20357037
20357038
20357039
20357040
20357041
20357042
20357043
20358001
20358002
20358003
20358004
20358006
20358007
20358008
20358009
20358010
20358011
20358012
20358013
20358014
20358015
20358016
20358017
20358018
20358019
20358020
20358021
20358022
20358023
20358024
20358025
20358032
20358033
20358034
20358035
20358036
20358037
20358038
20358039
20358040
20358041
20358042
20358043
20358044
20359001
20359002
20359003
20359004
20359005
20359006
20359007
20359008
20359009
20359010
20359011
20359012
20359013
20359014
20359015
20359017
20359018
20359019
20359020
20359021
20359022
20359023
20359025
20359026
20359027
20359028
20359031
20359032
20359033
20359034
20359035
20359036
20359037
20359038
20359039
20360001
20360002
20360003
20360004
20360005
20360006
20360007
20360008
20360009
20360010
20360011
20360013
20360014
20360015
20360016
20360017
20360018
20360019
20360020
20360021
20360022
20360023
20360026
20360027
20360028
20360030
20360031
20360032
20360033
20360034
20360035
20360036
20360037
20360055
20360056
20361001
20361002
20361003
20361004
20361005
20361006
20361008
20361009
20361011
20361013
20361014
20361015
20361016
20361017
20361019
20361020
20361021
20361022
20361023
20361024
20361025
20361026
20361027
20361034
20361035
20361036
20361037
20361038
20361039
20361040
20361041
20361042
20361044
20361045
20361046
20361047
20361048
20361049
20361050
20361051
20361052
20362001
20362002
20362003
20362004
20362010
20362012
20362013
20362014
20362015
20362016
20362017
20362018
20362019
20362020
20362021
20362022
20362023
20362024
20362025
20362026
20362027
20362031
20362032
20362033
20362034
20362035
20362037
20362038
20362039
20362040
20362041
20362042
20362043
20362044
20363003
20363004
20363005
20363006
20363007
20363008
20363009
20363010
20363011
20363012
20364006
20364007
20364011
20364012
20364014
20364015
20364022
20364030
20364031
20364032
20364033
20364034
20364035
20364036
20364037
20364038
20364039
20365001
20365002
20365003
20365004
20365005
20365006
20365007
20365008
20365009
20365010
20365011
20365012
20365013
20365014
20365015
20365016
20365017
20365018
20365019
20365020
20365021
20365022
20365023
20365024
20365025
20365028
20365029
20365030
20365031
20365032
20365033
20365034
20365035
20365036
20365039
20365040
20365041
21001001
21001002
21001022
21001023
21001024
21001025
21001026
21001027
21001028
21001029
21001031
21001032
21001033
21001034
21001035
21001036
21001037
21001038
21001039
21001040
21001041
21002001
21002002
21002003
21002006
21002007
21002009
21002010
21002011
21002012
21002013
21002014
21002018
21002019
21002020
21002021
21002022
21002023
21002024
21002025
21002026
21002027
21002028
21002029
21002030
21002031
21002032
21002033
21002034
21002035
21002036
21002037
21002038
21002040
21003001
21003003
21003004
21003005
21003006
21003007
21003008
21003011
21003014
21003015
21003016
21003017
21003044
21003045
21003046
21003047
21004001
21004002
21004003
21004004
21004005
21004007
21004008
21004011
21004013
21004015
21004016
21004017
21004018
21004019
21004020
21004021
21004022
21004023
21004024
21004026
21004027
21004028
21004029
21004030
21004033
21004034
21004035
21004036
21004037
21004038
21004039
21004040
21004041
21004042
21004043
21004044
21004045
21004046
21004047
21004048
21005001
21005004
21005006
21005007
21005008
21005009
21005010
21005011
21005012
21005013
21005014
21005015
21005016
21005017
21005018
21005019
21005020
21005021
21005022
21005023
21005024
21005025
21005026
21005027
21005028
21005029
21005032
21005033
21005034
21005035
21005036
21005037
21005038
21005039
21005040
21005042
21005043
21005044
21005045
21006001
21006002
21006003
21006004
21006005
21006006
21006007
21006008
21006009
21006010
21006011
21006012
21006013
21006014
21006015
21006026
21006027
21006028
21006029
21006031
21007001
21007002
21007003
21007004
21007005
21007006
21007008
21007010
21007011
21007012
21007013
21007014
21007015
21007016
21007020
21007021
21007022
21007023
21007024
21007025
21007026
21007027
21007028
21007029
21007030
21007031
21007032
21007033
21007035
21007036
21007037
21007038
21007039
21007040
21007041
21007042
21007043
21007044
21008001
21008002
21008003
21008004
21008005
21008006
21008007
21008008
21008010
21008011
21008012
21008014
21008015
21008016
21008034
21008042
21008043
21008044
21008045
21008046
21008047
21009001
21009002
21009003
21009004
21009005
21009006
21009007
21009008
21009009
21009010
21009011
21009012
21009013
21009045
21009046
21009047
21009048
21009049
21009050
21009051
21009052
21009053
21009054
21010001
21010002
21010006
21010007
21010008
21010009
21010010
21010011
21010013
21010014
21010015
21010016
21010017
21010018
21010033
21010034
21010035
21010036
21011001
21011002
21011003
21011004
21011006
21011007
21011008
21011009
21011013
21011015
21011016
21011017
21011018
21011021
21011022
21011023
21011024
21011036
21011037
21011039
21011040
21011041
21011042
21011044
21011045
21011047
21011048
21011049
21012001
21012002
21012004
21012011
21012012
21012013
21012014
21012015
21012016
21012017
21012018
21012019
21012020
21012021
21012022
21012023
21012024
21012025
21012026
21012027
21012028
21012029
21012030
21012031
21012032
21012033
21012034
21012035
21012036
21012037
21012038
21012039
21013001
21013002
21013003
21013004
21013005
21013006
21013007
21013008
21013009
21013011
21013012
21013013
21013014
21013015
21013016
21013020
21013021
21013022
21013023
21013024
21014001
21014002
21014003
21014005
21014006
21014007
21014008
21014009
21014010
21014011
21014012
21014014
21014015
21014016
21014017
21014018
21014019
21014022
21014027
21014029
21014030
21014031
21014032
21014033
21014034
21014035
21014036
21014039
21014040
21014041
21014042
21014043
21014045
21014046
21014047
21014048
21014049
21015001
21015002
21015003
21015004
21015005
21015006
21015007
21015008
21015009
21015010
21015011
21015012
21015013
21015014
21015015
21015016
21015017
21015029
21015030
21015031
21015032
21015033
21016001
21016002
21016003
21016004
21016005
21016006
21016007
21016008
21016010
21016011
21016012
21016013
21016015
21016016
21016018
21016021
21016024
21016031
21016032
21016033
21016034
21016035
21017001
21017002
21017003
21017004
21017005
21017006
21017007
21017008
21017009
21017010
21017011
21017043
21017044
21017045
21017046
21017047
21017048
21017050
21017051
21017052
21017053
21017054
21017055
21018001
21018002
21018003
21018005
21018031
21018032
21018033
21018034
21018035
21018036
21018037
21018038
21018039
21018040
21018041
21019016
21019017
21019018
21019019
21019020
21019021
21019022
21019023
21019024
21019031
21019032
21019033
21019034
21019035
21019037
21019038
21019039
21019040
21019041
21019042
21019043
21019044
21019045
21019046
21019047
21019048
21019049
21019050
21019051
21019053
21019054
21019055
21019056
21019057
21019058
21019059
21019060
21019061
21019062
21019073
21019074
21019075
21019076
21019077
21019078
21020001
21020002
21020003
21020004
21020005
21020006
21020007
21020013
21020014
21020015
21020016
21020017
21020018
21020019
21020020
21020023
21020024
21020027
21020030
21020037
21020038
21020039
21020040
21020041
21020042
21020043
21020044
21020045
21020046
21020047
21020048
21020049
21020050
21020052
21020053
21020054
21020055
21020056
21020057
21020058
21020059
21020060
21020061
21020062
21021001
21021002
21021008
21021009
21021010
21021011
21021012
21021013
21021014
21021015
21021016
21021017
21021019
21021028
21021029
21021030
21021031
21021032
21021034
21021035
21021039
21021042
21021043
21021044
21021045
21021046
21021047
21021048
21021050
21021051
21021052
21021053
21021054
21021055
21021056
21021057
21021058
21021059
21021060
21021062
21021063
21021064
21021065
21022005
21022006
21022007
21022008
21022009
21022010
21022011
21022012
21022013
21022014
21022015
21022016
21022017
21022018
21022019
21022020
21022053
21022054
21022055
21023001
21023002
21023003
21023004
21023005
21023006
21023007
21023008
21023009
21023010
21023011
21023012
21023013
21023014
21023015
21023016
21023017
21023018
21023019
21023026
21023028
21023029
21023030
21023031
21024027
21024028
21024029
21024030
21024031
21024032
21024033
21024034
21024036
21024037
21024039
21024040
21024041
21024042
21024043
21024044
21025002
21025003
21025004
21025005
21025006
21025007
21025008
21025010
21025011
21025012
21025013
21025014
21025015
21025016
21025017
21025018
21025019
21025021
21025022
21025024
21025026
21025027
21025028
21025029
21025030
21025031
21025032
21025042
21025043
21025044
21025046
21025047
21025048
21025049
21025050
21025051
21025052
21025054
21025055
21025056
21025057
21026001
21026002
21026003
21026009
21026010
21026011
21026012
21026013
21026014
21026015
21026016
21026017
21026018
21026019
21026020
21026023
21026024
21026025
21026026
21026027
21026028
21026029
21026030
21026031
21026032
21026033
21026034
21026035
21026036
21026037
21026038
21026039
21026040
21026041
21026043
21026044
21026045
21026047
21026048
21026050
21026051
21026052
21026053
21026054
21026055
21026056
21026059
21026060
21026062
21027001
21027002
21027003
21027004
21027007
21027008
21027009
21027011
21027012
21027013
21027014
21027015
21027016
21027017
21027018
21041025
21041026
21041027
21041028
21041029
21041030
21041032
21041033
21041034
21041035
21041036
21041037
21041038
21041039
21041040
21042001
21042002
21042004
21042005
21042006
21042007
21042008
21042009
21042010
21042011
21042012
21042014
21042015
21042016
21042017
21042020
21042022
21042023
21042025
21042026
21042029
21042030
21042031
21042032
21042033
21042034
21042035
21042036
21042037
21042038
21042039
21042040
21042041
21042042
21043001
21043002
21043003
21043004
21043005
21043006
21043007
21043008
21043009
21043010
21043011
21043012
21043013
21043014
21043015
21043016
21043017
21043018
21043019
21043020
21043021
21043022
21043023
21043024
21043025
21043026
21043027
21043028
21043032
21043033
21043034
21043035
21043036
21043037
21043038
21043039
21043040
21043041
21043042
21043043
21043044
21043045
21043048
21044001
21044002
21044003
21044004
21044005
21044006
21044007
21044008
21044009
21044010
21044011
21044012
21044013
21044014
21044015
21044016
21044017
21045014
21045015
21045016
21045017
21045018
21045019
21045020
21045021
21045023
21045024
21045025
21045028
21045029
21045030
21045031
21045032
21045033
21045034
21045035
21045036
21045038
21045039
21045040
21045041
21045042
21045043
21045044
21046001
21046002
21046003
21046005
21046006
21046007
21046008
21046010
21046011
21046012
21046013
21046014
21046015
21046016
21046017
21046018
21046019
21046020
21046021
21046022
21046023
21046024
21046025
21046026
21046027
21046028
21046029
21046030
21046036
21046037
21046038
21046039
21046040
21046041
21046042
21046043
21046044
21046045
21046046
21046047
21046048
21046049
21047001
21047002
21047003
21047004
21047005
21047006
21047007
21047008
21047009
21047010
21047011
21047012
21047013
21047014
21047015
21047016
21047017
21047018
21047019
21047020
21047021
21047022
21047023
21047024
21047025
21047026
21047027
21047028
21047029
21047030
21047031
21047032
21047036
21047037
21047038
21047039
21047040
21047041
21047042
21047043
21047044
21047045
21047046
21047047
21047048
21047049
21047050
21047051
21048001
21048002
21048003
21048004
21048005
21048007
21048008
21048009
21048010
21048011
21048012
21048013
21048014
21048015
21048017
21048018
21048026
21048027
21048028
21048029
21048030
21048031
21048032
21048033
21048034
21048035
21048036
21048039
21048040
21048041
21048042
21048043
21048044
21048045
21048046
21048047
21048048
21048049
21048050
21048051
21048052
21048053
21048054
21048055
21048056
21048057
21048058
21048059
21048060
21048061
21049001
21049002
21049003
21049004
21049005
21049006
21049007
21049008
21049009
21049010
21049011
21049012
21049014
21049015
21049016
21049017
21049019
21049020
21049021
21049022
21049023
21049024
21049025
21049026
21049027
21049028
21049029
21049030
21049031
21049032
21049033
21049034
21049035
21049036
21049037
21049038
21049039
21049040
21049041
21049042
21049043
21049044
21049045
21049046
21049051
21049052
21049053
21049054
21049055
21049056
21050001
21050002
21050003
21050004
21050005
21050006
21050007
21050008
21050009
21050010
21050011
21050012
21050013
21050014
21050015
21050016
21050017
21050018
21050047
21050048
21050049
21050050
21050055
21050056
21050057
21050058
21050059
21050060
21050061
21050062
21050063
21050064
21050065
21050066
21050067
21050068
21051001
21051002
21051003
21051004
21051005
21051006
21051007
21051008
21051009
21051010
21051011
21051013
21051014
21051016
21051017
21051018
21051019
21051020
21051021
21051022
21051023
21051024
21051025
21051026
21051027
21051028
21051029
21051030
21051031
21051032
21051033
21051034
21051035
21051036
21051037
21051038
21051039
21051040
21051041
21051042
21051043
21051044
21051045
21051046
21051047
21051048
21051049
21051050
21051051
21051052
21052001
21052002
21052003
21052004
21052005
21052006
21052007
21052008
21052009
21052010
21052011
21052012
21052013
21052014
21052015
21052016
21052017
21052018
21052020
21052021
21052028
21052029
21052030
21052031
21052033
21052034
21052035
21052036
21052037
21052038
21052039
21052040
21052041
21052042
21052043
21052044
21052047
21052048
21052049
21052050
21052051
21052052
21052053
21052054
21052055
21053001
21053002
21053003
21053005
21053006
21053007
21053008
21053009
21053010
21053011
21053012
21053013
21053014
21053015
21053016
21053017
21053018
21053019
21053020
21053021
21053022
21053023
21053024
21053025
21053026
21053027
21053028
21053029
21053030
21053032
21053033
21053034
21053035
21053036
21053037
21053038
21053039
21053040
21053041
21053042
21053043
21053044
21053045
21053046
21053047
21053049
21053050
21053051
21053054
21053055
21053056
21053057
21053058
21053059
21053060
21053061
21053062
21053064
21053065
21054001
21054002
21054003
21054004
21054005
21054006
21054007
21054008
21054010
21054011
21054012
21054013
21054014
21054015
21054016
21054017
21054018
21054019
21054020
21054021
21054022
21054023
21054024
21054025
21054026
21054027
21054028
21054029
21054030
21054031
21054032
21054036
21054037
21054039
21054041
21054043
21054044
21054045
21054046
21054047
21054048
21054049
21054050
21054051
21054052
21054053
21054054
21054055
21055001
21055002
21055003
21055004
21055005
21055006
21055007
21055008
21055009
21055010
21055011
21055012
21055013
21055014
21055015
21055016
21055017
